734
632
77
91
26
604
338
697
604
566
319
561
414
89
466
299
89
706
958
601
456
592
351
189
104
871
206
684
405
656
150
491
288
227
582
667
183
920
364
139
838
683
700
253
772
518
904
213
224
214
814
33
806
517
574
263
740
132
299
145
788
449
636
76
28
570
743
212
843
459
351
681
494
404
286
618
922
191
831
499
405
997
884
564
515
458
179
255
590
478
753
378
279
741
806
307
312
902
519
507
361
223
188
856
979
827
474
253
18
658
104
775
655
988
691
170
798
870
778
740
348
883
118
627
624
277
935
288
179
806
147
892
381
688
100
712
515
927
966
533
585
70
660
240
411
352
763
561
574
893
302
923
128
772
902
752
401
189
393
580
348
892
825
729
580
277
442
95
204
760
980
789
182
641
382
945
345
497
507
919
742
161
194
870
933
449
974
335
638
367
267
986
260
444
68
192
722
862
288
926
622
268
68
804
261
802
750
958
299
609
230
41
770
424
911
55
873
237
742
512
605
362
850
217
806
918
409
880
132
49
159
754
670
579
911
931
381
661
242
32
270
472
425
392
896
688
447
122
925
542
986
882
904
836
451
62
107
213
943
239
262
454
346
932
33
257
216
766
270
810
150
892
282
575
284
178
615
83
652
540
625
638
775
529
827
226
944
286
439
887
877
54
693
223
338
726
832
906
492
102
716
642
994
998
569
278
529
184
714
181
76
339
172
851
221
999
430
165
637
221
404
514
627
97
90
966
175
922
224
667
377
941
661
371
291
582
2
172
118
716
706
194
407
878
398
628
229
180
145
218
401
549
732
29
998
174
347
173
449
571
192
826
864
853
197
508
787
551
680
905
619
738
452
27
968
850
7
197
30
153
767
783
54
500
164
53
26
511
226
475
435
419
653
651
624
851
159
764
754
192
669
374
930
121
401
899
323
408
448
353
913
216
489
968
68
653
373
446
517
599
922
952
370
927
603
347
130
115
111
885
659
780
259
941
254
12
192
577
772
993
283
686
209
772
6
629
777
379
75
294
330
349
246
701
629
202
48
759
669
511
644
680
291
255
621
897
267
814
475
40
807
758
78
368
882
84
349
659
815
776
306
145
478
904
198
107
106
598
866
127
109
511
807
753
118
429
650
386
595
477
778
754
587
856
474
469
292
175
481
459
951
139
604
781
43
155
888
502
753
107
629
215
970
789
968
88
570
970
474
165
448
604
271
35
812
97
857
456
272
690
915
223
829
872
5
224
27
245
726
132
352
708
347
322
497
667
411
67
638
237
584
438
194
855
825
6
304
682
463
576
724
378
799
905
250
156
130
629
754
208
762
106
916
461
781
413
129
544
480
119
133
416
557
327
623
382
334
927
417
797
503
493
527
655
399
130
163
881
759
917
89
873
376
6
335
157
771
464
53
604
935
186
20
492
514
644
226
200
923
995
349
427
489
876
434
240
6
597
473
118
867
562
343
243
920
678
752
692
494
805
648
429
343
668
273
857
664
852
409
588
847
758
367
688
635
153
280
993
102
753
463
969
316
807
564
588
837
668
632
332
473
280
113
169
301
739
378
965
591
788
905
790
546
624
479
533
777
111
527
880
865
342
201
533
149
766
121
987
434
106
671
260
386
136
781
687
227
159
5
818
947
910
961
846
887
792
379
664
903
258
896
768
601
98
301
750
216
775
89
2
881
112
614
619
601
395
307
828
555
664
999
854
574
312
700
813
104
432
478
7
690
726
128
291
176
781
394
392
556
835
747
789
300
361
409
253
109
68
81
16
732
432
222
658
744
923
472
200
707
302
560
397
28
688
41
205
821
787
949
730
622
48
519
274
410
280
527
871
700
961
887
432
745
109
443
490
384
915
42
91
217
602
841
597
642
234
154
464
21
104
546
995
152
65
270
914
698
149
137
398
110
24
183
856
486
626
698
222
541
740
666
110
695
507
707
689
741
214
153
762
318
51
109
822
469
379
89
167
881
578
917
991
603
100
199
441
726
249
663
619
342
329
729
37
188
789
726
281
3
232
395
673
283
505
847
752
884
288
271
117
867
189
109
822
641
660
263
368
910
278
339
252
960
421
641
148
210
719
430
565
303
825
590
939
330
789
691
567
78
315
684
297
856
145
119
497
158
734
217
68
364
557
672
324
978
665
825
540
736
255
457
40
432
399
979
115
188
22
34
618
337
70
915
545
568
386
43
726
120
612
146
485
169
170
161
499
835
986
391
923
593
200
963
378
599
942
493
788
317
879
406
6
949
322
552
869
708
947
595
181
